GRLIB_Marker_ATM = [];

GRLIB_Marker_SRV = [[7542.04,7275.91,0],[151.341,8814.74],[8042.95,3401.64,0],[12372.4,6681.69,0]];

GRLIB_Marker_FUEL = [[6246.11,5474.92,0],[11401.9,4853.02,0],[4157.15,8660.16,0],[1377.08,5232.01,0],[12623.3,6686.53,1.52588e-05]];

GRLIB_Marker_SHOP = [[12636.5,6727.1,0],[4551.78,7905.67,0],[5150.5,961.916,0.308609],[2016.36,12050.5,0]];
