GRLIB_Marker_ATM = [];

GRLIB_Marker_SRV = [[5713.67,3052.07,0],[10297,6252.3,0],[5825.79,9245.93,0],[10795.6,11963.2,4.76837e-07],[2250.34,12364.6,0]];

GRLIB_Marker_FUEL = [[16032.7,4442.28,0],[10841.8,2524.37,0],[2423.92,6738.84,0],[3555.19,11975.7,0],[8215.7,14097.7,0],[10050.3,7895.7,0]];

GRLIB_Marker_SHOP = [[3145.55,4626.62,0],[6771.95,7835.08,0],[2438.41,11327.1,0.674064],[14662.1,13597.7,0],[15896.4,4534.31,0.156]];
