GRLIB_Marker_ATM = [];

GRLIB_Marker_SRV = [[2109.77,4712.82,0],[8631.31,492.707,0],[8392.12,5549.97,0],[8388.52,8034.85,0],[3085.93,8797.5,0]];

GRLIB_Marker_FUEL = [[2325,1681.31,0],[4081.5,5825.57,0],[341.657,9627.96,0],[8574.17,9845.88,0],[9554.86,3412.68,0]];

GRLIB_Marker_SHOP = [[7116.25,2130.03,0.306],[2829.76,5487.42,0.461975],[1952.49,9323.93,0.461975],[5396.58,9677.16,0.619171],[8020.93,7262.16,0.462036]];
