GRLIB_Marker_ATM = [];

GRLIB_Marker_SRV = [[3853.33,13767.7,0],[4672.55,8892.73,0],[6163.75,4723.47,0],[10120.4,3441.65,0],[2972.55,1870.06,0]];

GRLIB_Marker_FUEL = [[3614.57,2978.46,0],[8353.12,5662.54,0],[5123.91,10028.7,0],[5490.36,13303,0],[12338.4,10463,0]];

GRLIB_Marker_SHOP = [[3833.39,5431.96,0],[14736.4,3050.4,0.156001],[6242.21,12621.7,0.312009],[2391.01,6911.17,0.468024],[9062.79,11131.5,0.468022],[2987.07,1890.03,0.624024]];
