GRLIB_Marker_ATM = [];

GRLIB_Marker_SRV = [[4002.93,2225.21,0],[2899.03,1117.77,0],[422.043,2440.09,0],[3367.09,3727.45,0]];

GRLIB_Marker_FUEL = [[4727.94,1253.64,0],[413.798,3093.48,0],[2416.91,1958.1,9.53674e-07]];

GRLIB_Marker_SHOP = [[1906.56,2156.13,0.536],[3943.59,1616.82,0.691994]];
