GRLIB_Marker_ATM = [];

GRLIB_Marker_SRV = [[19128.7,20728.3,0],[18819.3,14053,0],[27132.8,3896.59,0],[21991.7,2943.77,0],[12824.5,5351.2,0],[4737.29,1985.7,0],[8158.94,20829.2,0]];

GRLIB_Marker_FUEL = [[7077.77,25332,0],[18898,17825.2,0],[24127.4,6349.17,0]];

GRLIB_Marker_SHOP = [[23956.7,16936,0.85498],[16141.9,19952.6,0],[3595.18,21443.7,0],[3351.89,2283.75,0],[18382.6,3252.83,0.867432],[25384.6,5448.01,0]];
