GRLIB_Marker_ATM = [];

GRLIB_Marker_SRV = [[10512,4908.32,0],[6331.26,1520.93,0],[3166.75,4169.93,0],[352.239,8115.46,0]];

GRLIB_Marker_FUEL = [[11942.8,6522.84,0],[6688.15,5125,0],[6477.98,5291.59,0],[3512.39,5132.29,0],[9964.83,1681.65,0],[6499.12,7326.52,-6.10352e-05],[476.384,11379.1,0]];

GRLIB_Marker_SHOP = [[7234.59,4911.93,0.289001],[2047.19,6593.17,0],[11842.9,5358.25,0]];
