GRLIB_Marker_ATM = [];

GRLIB_Marker_SRV = [[4092.97,15253.5,0],[10373.8,12457,0],[11532.7,7430.88,0],[7555.69,2705.49,0],[2453.08,2002.17,0]];

GRLIB_Marker_FUEL = [[2995.24,394.329,0],[5204.18,5764.75,0],[4050.95,8218.53,0],[3234.66,11033.3,0],[3102.55,11467.8,0],[5206.03,5770.61,0],[10615.4,10219.2,0],[9863.29,11032.9,0],[13364.5,4712.42,0]];

GRLIB_Marker_SHOP = [[648.353,12629.6,-0.00999451],[6823.37,12352.2,0.146042],[13010.5,9129.29,1.25797],[13674.7,3720.54,0.752911],[8203.65,759.016,0],[1695.35,5894.87,0.551376],[7082.97,7616.32,0.417126],[4129.85,1113.77,0]];
