GRLIB_Marker_ATM = [[2167.24,4424.01,0],[1868.24,12047.6,0],[1798.59,18583.9,0]];

GRLIB_Marker_SRV = [[3590.49,15441.5,0],[2574.44,6729.78,0],[19334.5,7951.61,0],[11477.5,15601,0]];

GRLIB_Marker_FUEL = [[2485.47,17846,0],[1847.01,18578.1,0],[15402.4,11328.4,0],[17308.2,4348.34,0],[16048.6,14064.1,0],[16654.5,6648.64,2.38419e-07],[9251.9,17373.2,0]];

GRLIB_Marker_SHOP = [[10234.9,4498.26,-0.0309999],[4660.76,4855.38,0],[1852.5,12295.4,0.606988],[8294.38,14896.1,0.125005],[15355.7,11358.5,0.452653]];
