GRLIB_Marker_ATM = [[2754.51,14550.7,0.173996],[10417.4,11454.1,0.131277],[13902.1,22524.9,0.123549]];

GRLIB_Marker_SRV = [[20298.2,18237.6,0],[15703.1,19804.3,0],[19243.9,24003.6,0],[13889.4,6811.07,0],[5845.34,14032.3,0],[3134.79,17219.5,0],[4919.42,22047.5,0],[10283.4,23367.2,0],[12962.7,15961.9,0],[8464.43,15905.2,0]];

GRLIB_Marker_FUEL = [[6701.95,12207.6,0],[13391.8,15817,0],[12994.2,19287.2,0],[13570.7,22540.4,0],[7492.71,21868,0],[4329.95,22287,0],[3013.63,21865.8,0],[3652.42,18185.9,0],[2997.26,16684.8,0],[2685.27,14817.9,0],[15836.1,16615.6,0],[17117.1,16461,0],[21083.8,17908.2,0],[19887.4,18206.8,0],[23048.2,24245.2,0],[19683.6,22317.1,0],[12591.7,6926.39,0],[16493.6,6577.95,0]];

GRLIB_Marker_SHOP = [[3496.07,11656.7,0],[6368.11,16765,0.523468],[2748.01,21457.4,0.522156],[9752.05,23157.2,0.284897],[12065.5,18548.7,0],[19410.1,17673.6,0],[20812.7,22798.3,0.682159],[16440.9,6598.44,0.155998],[9227.75,18057,0.83783]];
