GRLIB_Marker_ATM = [];

GRLIB_Marker_SRV = [[5387.25,8020.95,0],[7070.65,4063.63,0],[1551.86,2687.2,0],[3378.04,8405.81,0]];

GRLIB_Marker_FUEL = [[6937.82,2774.26,0],[2085.37,2677.26,0],[2334.24,7194.29,0],[8378.51,8432.52,0]];

GRLIB_Marker_SHOP = [[5145.11,7732.04,0],[1266.92,4738.63,0.624084],[5638.07,2541.12,0],[9542.56,654.856,0],[1941.76,148.053,0.156006],[8399.7,5228.23,0]];
